Coefficients: 9395.26427143746
Intercept: 26038.04125336728
